Mean: 0.3218953795343205
Std: 0.2855003991679068
