Mean: 0.32715722213633686
Std: 0.3050974859034138
